ENZYME	Cortex_1	Cortex_2	Cortex_3	PDGFRA_4	PDGFRA_5	PDGFRA_6	PDGFRA_7	NTRK_8	NTRK_9	NTRK_10
FYN	-1.10421627599377	-1.07752789745827	-1.07960169348602	-0.931747243878115	-0.966801017919491	-1.01859598427955	-1.01743967696401	-0.909396889682317	-0.877240951638138	-1.01743236870033
MAPKAPK2	-1.14222309849478	-1.12735811260567	-1.1035956347824	-1.02747136619714	-0.924804312487036	-1.00474235603465	-0.894800717180951	-0.948290772570286	-0.891787494637414	-0.934926135009671
RPS6KB1	-1.52506871908724	-1.86109569132941	-1.48285035758539	1.10725126608357	1.0046263246802	0.655020371838279	-0.108661244138814	-1.10713946782785	-1.05377221642076	0.0945143410084782
PRKCB	-1.14358300498524	-1.1619810989231	-1.12858914036408	-1.02787444021778	-1.01106184784026	-0.946032457238732	-1.03461887137668	-0.779755618140802	-0.888452132943541	-0.878051387969771
AKT2	-1.30613631721134	-1.35425408911511	-1.27878739965081	-0.8609205089066	-0.931259430735737	-0.902206336145603	-0.735053670892303	-0.895567869355848	-0.935098906209018	-0.800715471777641
CSNK1E	0.0327646023474215	0.227285498375294	-0.42838206441244	-1.4819508877556	-1.10002173495306	-1.42985658458061	-0.961399822211772	-1.63458713159144	-1.63828954035988	-1.06546213341248
PIM3	0.757832659318821	0.271353196758767	0.545697499252697	1.52173355046397	1.22841350014683	1.31478367936981	1.10475140513768	1.28699066922701	1.17055665868461	0.797887181639801
PRKCQ	-1.38444625971808	-1.58332215181778	-1.43604652023685	-0.895952361636663	-0.795992196987651	-0.801729251618318	-0.52852795678953	-1.03512464769927	-0.861092633812496	-0.677766019683363
MARK4	-1.06216951173042	-1.12042825224175	-1.06137273315191	-0.973164974761527	-0.94331311698544	-0.999901942654409	-0.852325304093031	-1.1345362289053	-0.980184189099689	-0.872603746376519
CSNK2A1	-0.978392151825722	-0.936673538609891	-0.962904014259017	-1.02183198446638	-0.996457704182653	-1.0065808283465	-0.95566523399258	-1.09295178471905	-1.10610459981764	-0.942438159780562
RPS6KA1	-1.46306112039432	-1.62355534789136	-1.51001805314349	-0.634885694979013	-0.837302043028944	-0.809369909563173	-0.586155511102774	-0.892950881005552	-0.907722864794021	-0.734978574097346
YES1	-1.04589238555131	-1.1111070285435	-1.07341036165549	-0.937056029687505	-0.987429568188364	-0.958723371888402	-0.993335024493602	-0.965622097399671	-0.948605214941298	-0.978818917650857
PIM1	0.521605135541507	-0.324680031354704	-0.429353559470207	3.58704007331569	1.37851722177721	1.18120326289184	-0.417918279744423	0.663187157773321	0.216552688321957	-1.27994258980913
RPS6KA5	-1.07839104575502	-1.58790399746611	-1.86318690165043	2.48783311751696	0.654743244416048	0.617120033520361	-0.115353851532698	-0.229338868058002	-0.307219841707704	-1.05890909837667
CDK1	0.60599121447435	0.523382242673933	0.686443149143772	1.01913853082745	1.112207924755	1.16258843870642	1.062830505579	1.3897220865631	1.4643047159704	0.973391191306589
PRKAA2	-1.2407935404233	-1.23862011102058	-1.24893999517845	-0.92963168632124	-0.973864146663172	-0.892294755704466	-0.919754436318833	-0.81770553744315	-0.960417383833428	-0.777978407093387
PRKAB1	-1.09235475687789	-1.08722624003398	-1.09041919892034	-1.0534835220143	-1.03185699252968	-0.968436182280686	-0.978208351848999	-0.911934911098263	-0.90277639113432	-0.883303453261548
CDK4	-1.15614767955654	-1.20632745484261	-1.19200174204067	-0.926971427663332	-0.934809390350378	-0.909050440335199	-0.747095693150764	-1.12311555672423	-1.01527564073874	-0.789204974597542
DCLK1	-0.980751276141206	-1.03622466334591	-1.01774228907602	-0.973862309664125	-1.00317171480189	-0.941502418537767	-1.05132230956078	-0.965127898839224	-1.01276571813612	-1.01752940189695
WNK4	-1.05658883221288	-1.14487527351671	-1.14998392887013	-0.972449670406577	-0.948056619140456	-0.846737256054925	-0.948528919705367	-0.979781748556613	-1.03099517527876	-0.922002576257578
PRKD1	-1.20456735117071	-1.2729488149249	-1.15857374109432	-0.96537421441796	-0.993672971158498	-0.97206984095595	-0.558835240489727	-1.12708288288885	-0.978683927017033	-0.768191015882047
STK38	-1.16279644468465	-1.19795710948141	-1.13429128364736	-0.968815130983786	-0.957652546535988	-0.958192814410708	-0.931806934662789	-0.913122910785211	-0.874280763724651	-0.901084061083437
SIK1	-2.13719229677993	-2.28424522747755	-2.3093577565079	-0.0186717100222251	-0.811729459874455	-0.453099993050369	-0.178843639633961	-1.04644443595321	-0.615288481832156	-0.145126998868238
CAMK2A	-1.111707667167	-1.12794361281273	-1.08900066769827	-1.01327819121774	-0.998111173434828	-0.985247820019879	-0.912402921977401	-0.978645922052614	-0.875998024794648	-0.907663998824894
CSNK1D	-1.24575038242596	-1.20557539342134	-1.16800819156863	-0.958543968280571	-0.937242107304137	-0.874850221871822	-0.948172084375852	-0.896075233206051	-0.822509672442724	-0.943272745102911
CDK2	1.19140512411104	1.23971627765556	1.22472885879126	0.901175021876086	0.916222825948452	0.886229912400242	0.719003337089948	1.13158195939542	0.997997866065667	0.791938816666328
PDPK1	0.926479036817352	1.00179456869153	0.952814924255639	0.954546337661506	1.08886920461986	1.01158737225131	0.77664798904189	1.26513504797643	1.07505633384612	0.947069184838356
PRKCD	-1.13470915272864	-1.13799567937599	-1.16046672605427	-1.03709014274228	-0.948996637067361	-0.998475711771406	-0.861263713334649	-0.959137186754748	-0.837461121957803	-0.924403928212838
CAMK2D	-1.12206842110726	-1.12587971072898	-1.12564879444691	-0.960914822539219	-0.980276060859416	-0.936047231372505	-1.01454723044626	-0.893071968216767	-0.880485976966368	-0.961059783316311
ATM	-1.06778282555138	-1.03792618195556	-1.00925593292831	-0.981336703868295	-1.13114875922006	-0.749155122773998	-0.570123148048579	-1.48172898833463	-1.32719068044834	-0.644351656870847
AURKB	0.892761483442806	0.887100982060906	0.911034134824852	1.04336466152311	1.02450406478938	1.05710534672665	1.04931274462757	1.03248171804068	1.08714331940298	1.01519154456106
GSK3A	0.545776907256335	0.600339313771337	0.547919117874356	1.15666866102594	1.16555701484233	1.09409087664504	1.14462998542562	1.22251187682048	1.08152731333714	1.44097893300141
MAP2K1	-1.06675775662092	-1.04087110473067	-1.07666628536456	-0.98624069098528	-0.997270622351369	-1.00077541275591	-0.959075175593043	-0.954314436364238	-0.942957503188782	-0.97507101204522
PRKCZ	-1.30003322106457	-1.29665342668657	-1.25191146952482	-0.888231031738366	-0.938998295511464	-0.910223058177151	-0.792551743564437	-0.861286234922948	-0.901365229564357	-0.85874628924532
HCK	-1.08306282031582	-0.955490254780755	-0.892316645472516	-0.557454304174777	-1.56142469987963	-0.696154034409057	1.07394712391623	-1.32214592993538	1.6381284495375	0.219875737578326
CHUK	-1.07974758254326	-0.969582973516185	-1.05205336933898	-1.05880748710046	-0.967896340194482	-0.986099921723336	-0.867271471684603	-1.0734648329595	-1.03787241616026	-0.907203604778931
MAPK8	-1.57914667297959	-1.64222613957491	-1.51581761071412	-0.715039054379692	-0.776822670387339	-0.738329643317046	-0.658225157844885	-0.917447658713738	-1.03986313527889	-0.417082256809787
PRKG2	-1.22801305064115	-1.07116325859873	-1.16356806323663	-1.10378623708263	-1.01635330399096	-0.813978559759226	-1.1561250243271	-0.605145423630474	-1.09859324966165	-0.743273829071435
LYN	-1.03416639709062	-0.837908599160353	-0.94273899330202	-1.30059716636156	-1.08980156473391	-0.962278269363451	-0.409038666618789	-1.14619786984535	-1.49235958163774	-0.784912891886201
